10689.29999999999927240423858165740966796875
0.0000935514954206543018939978839654258990776725113391876220703125
0.000715480000000000000530409050014668537187390029430389404296875
0.040105599999999998195310269011315540410578250885009765625
0.0007656600000000000384725584723355495953001081943511962890625
0.0000943200000000000049645010324894656150718219578266143798828125
0.0009812399999999999768152125767528559663332998752593994140625
0.02833070000000000032702729413358611054718494415283203125
0.0160084999999999984254817064766029943712055683135986328125
0.0001328599999999999984982845813163976345094852149486541748046875
0.000451149999999999988531396155622132937423884868621826171875
0.0000091200000000000007731489060081031539084506221115589141845703125
0.00126402999999999997131350237822289273026399314403533935546875
0.00002625999999999999929872936121899584804850746877491474151611328125
0.0000455000000000000014350499955018136688522645272314548492431640625
0.006568069999999999637740888402959171799011528491973876953125
0.0001624800000000000028965718712470334139652550220489501953125
0.0000581999999999999984251312923344556793381343595683574676513671875
0.000914210000000000044297066015275277095497585833072662353515625
0.0037760599999999999200339662053238498629070818424224853515625
0.000007900000000000000595422149085589325068212929181754589080810546875
0.000671959999999999983526233204855770964059047400951385498046875
0.001296180000000000075155437428975346847437322139739990234375
0.100165000000000004032330025438568554818630218505859375
0.00283687000000000001664890447727884748019278049468994140625
0.00288767000000000016723955553743508062325417995452880859375
0.000364449999999999995313471057301057953736744821071624755859375
0.01248179999999999949256146436482595163397490978240966796875
0.006224529999999999820003981909621870727278292179107666015625
0.03020319999999999949213957961546839214861392974853515625
0.01236480000000000044335646265381001285277307033538818359375
0.0005584200000000000101152419773598012397997081279754638671875
0.00004810999999999999846879428222479191390448249876499176025390625
0.00101077999999999996842692251419748572516255080699920654296875
0.00002260999999999999866980536500360443596946424804627895355224609375
0.000102510000000000006171486932604608455221750773489475250244140625
0.00052859999999999994664545699407653955859132111072540283203125
0.005032660000000000431741309370181625126861035823822021484375
0.07406079999999999607940281975970719940960407257080078125
