-7.8059931e-08
6.720583e-11
8.0098319e-43
2.1206846e-48
2.8863759e-41
3.5869053e-20
1.3975866e-18
1.22557e-24
1.4850179e-26
7.4844151e-12
-3.2120428e-57
1.7415643e-06
-3.2120428e-57
1.1992036e-08
1.4077657e-10
-1.0968525e-07
-4.8154866e-31
87
5.0647514e-27
-5.1031211e-08
-1.7680051e-21
7.4844151e-12
-7.7343009e-17
-5.1031211e-08
4.9100439e-16
7.4844151e-12
-1.0957766e-06
-2.9880019e-15
-7.7343009e-17
87
2.7110496e-28
87
2.4376748e-13
9.2528987e-34
87
87
6.8526442e-14
-2.339981e-24
-1.8493951e-12
-4.1062351e-08
1.9504269e-26
1.9504269e-26
7.7700921e-11
87
87
87
5.9213354e-08
-5.0265303e-20
-4.1062351e-08
-1.7321729e-17
87
1.2082727e-11
-1.1698806e-09
4.2568389e-06
87
87
8.8501307e-09
87
87
87
87
8.6103946e-07
87
87
87
-2.5107615e-06
87
87
-2.5107615e-06
87
87
87
87
87
87
